1000 9897
927 902
911 269
643 931
712 370
986 113
159 697
509 548
454 680
668 389
907 555
359 890
925 833
864 652
527 573
373 554
511 179
217 750
325 695
937 461
133 304
191 462
823 524
626 285
683 878
653 650
69 579
71 245
679 506
277 662
782 841
908 984
587 27
127 290
553 415
210 554
799 646
856 72
14 286
610 75
496 375
723 920
687 61
600 77
28 462
800 415
141 169
309 775
952 714
505 273
3 152
480 219
761 190
616 727
602 918
396 505
201 23
936 222
960 196
27 703
875 979
665 884
362 34
274 876
222 590
615 13
710 803
508 399
126 42
20 659
521 978
645 924
157 518
736 642
497 619
741 728
851 376
690 646
437 167
864 253
59 861
181 162
589 357
975 584
279 961
121 885
841 120
219 384
24 601
873 131
485 333
124 3
587 925
242 114
192 613
996 95
651 876
526 584
105 442
39 323
498 859
744 31
128 978
826 621
556 694
122 782
344 316
521 42
389 954
731 553
165 131
691 327
286 937
914 154
79 754
853 487
947 30
70 915
420 166
592 415
867 279
45 591
31 524
583 211
990 211
224 414
630 106
374 340
504 272
842 42
164 50
719 288
94 314
250 465
527 681
534 896
837 102
295 638
496 960
760 141
888 450
445 52
89 887
128 865
888 986
438 66
741 619
353 698
569 986
718 181
873 460
768 800
595 795
264 607
651 93
284 514
833 767
565 800
379 373
76 307
984 992
25 603
212 851
29 99
836 373
180 497
237 768
57 106
556 884
431 672
472 943
324 944
147 89
484 830
982 21
658 311
877 961
203 718
325 655
930 547
511 852
791 614
575 287
777 428
570 404
709 809
833 843
692 25
624 767
734 372
39 594
723 645
557 913
246 50
57 677
89 501
244 535
596 492
266 8
878 622
115 738
499 579
62 531
190 548
799 606
204 704
170 944
887 605
144 27
571 388
454 376
607 322
279 89
129 784
463 506
430 241
590 531
461 741
961 741
466 61
413 578
505 673
705 175
646 624
500 477
525 301
379 725
35 557
552 341
111 778
116 188
997 789
846 458
495 24
703 583
133 611
395 310
825 717
272 699
367 82
918 582
759 940
579 346
176 167
730 722
978 551
896 96
309 469
826 225
459 456
225 750
130 452
873 202
546 224
181 11
842 887
672 942
439 711
816 870
569 434
143 195
111 319
173 77
777 157
156 334
273 686
590 395
224 550
187 785
973 402
801 353
51 382
204 800
946 961
189 212
284 256
995 386
468 925
126 657
550 247
678 56
760 765
23 365
170 739
31 678
966 442
431 248
970 330
187 620
631 873
853 415
364 488
918 341
97 863
798 899
690 204
20 378
529 74
514 446
571 563
331 753
153 846
689 908
121 194
763 639
856 139
588 578
2 125
511 285
168 141
650 817
353 919
631 572
652 231
687 317
909 784
93 941
331 888
727 658
949 660
698 916
236 955
721 541
614 288
654 655
519 512
421 808
404 316
465 488
193 921
533 183
510 392
96 332
543 2
177 653
16 525
881 945
920 211
742 166
637 84
17 833
604 131
732 328
627 34
103 745
298 973
669 202
302 781
599 9
656 987
270 303
218 228
971 494
989 889
812 726
885 952
617 314
998 745
947 585
177 841
661 535
630 720
761 807
880 997
86 712
522 797
472 19
619 734
912 766
251 178
754 295
576 523
114 710
545 212
977 588
288 279
606 379
282 829
230 607
191 687
178 250
325 889
162 294
678 183
754 521
701 14
313 821
301 251
869 808
981 366
586 350
434 35
587 235
365 761
404 767
39 888
387 491
193 392
552 209
456 710
454 305
4 111
791 82
767 724
232 813
965 971
359 108
500 6
512 798
328 367
326 910
426 772
499 454
199 33
413 522
766 392
16 828
842 376
571 170
554 616
427 754
410 460
128 821
684 282
116 244
356 615
195 255
358 281
931 179
950 125
988 928
37 828
884 241
262 83
245 953
466 950
181 161
38 746
55 648
294 784
557 198
483 393
245 810
229 149
450 322
752 974
987 105
517 616
962 752
399 60
536 110
773 271
264 785
707 7
1000 27
551 142
203 868
76 238
185 822
975 798
372 833
195 712
363 602
644 387
882 946
226 846
255 553
848 893
523 663
799 950
657 921
765 984
804 984
92 858
273 912
436 452
865 734
238 584
645 136
970 374
420 848
350 17
9 395
210 636
227 294
686 463
485 994
662 564
493 535
813 568
904 876
524 557
887 715
654 152
679 767
97 135
357 905
303 731
306 141
774 828
114 989
279 322
736 738
12 127
361 683
823 882
480 613
956 166
816 465
120 958
317 636
916 826
732 861
804 114
861 127
476 3
684 728
794 424
478 689
279 544
353 697
889 991
618 231
102 988
7 769
141 656
185 992
702 799
708 146
372 370
116 895
262 63
979 699
319 186
506 927
267 855
453 672
293 987
609 714
298 867
689 370
194 816
893 242
896 52
485 290
423 217
216 663
234 672
484 36
320 757
768 365
75 381
982 901
244 495
455 110
102 442
705 887
482 456
142 76
331 53
762 755
751 569
40 897
131 362
522 633
817 545
579 616
982 359
344 55
368 141
847 559
369 932
304 741
47 55
161 944
680 832
828 200
792 846
188 111
762 68
212 101
16 440
272 986
450 103
439 350
900 732
743 300
357 753
535 145
822 392
9 798
776 544
317 640
965 20
125 343
900 897
97 80
577 564
64 737
690 365
513 300
128 846
319 363
955 115
993 804
922 360
941 444
284 833
563 630
358 342
219 188
759 830
41 563
188 753
542 960
945 778
195 183
237 99
551 530
42 558
793 366
81 204
65 711
584 37
988 799
632 305
941 751
150 144
233 810
676 620
881 758
668 524
635 963
561 932
727 19
397 994
234 644
471 721
458 528
510 809
544 625
467 802
759 275
942 817
959 253
156 254
13 547
588 217
274 17
593 373
313 176
817 554
592 171
170 337
833 183
238 512
41 452
499 768
246 31
982 643
940 821
326 487
648 459
61 138
838 322
287 472
680 828
917 945
187 732
925 317
186 895
600 115
16 420
994 183
31 4
909 190
801 797
978 355
11 744
49 445
267 322
790 114
153 111
772 400
582 240
270 982
339 550
166 907
728 612
968 435
515 430
295 406
43 441
963 376
943 694
698 247
112 840
573 693
651 23
713 466
685 812
77 316
823 674
94 822
593 149
996 214
464 79
63 249
66 271
543 291
766 777
845 55
688 382
163 700
806 830
449 479
285 881
143 87
648 939
5 82
541 32
172 709
123 17
731 350
215 609
329 690
511 670
263 943
315 709
436 481
57 304
296 340
99 105
742 236
250 7
378 48
415 597
877 170
990 987
83 733
801 622
631 924
862 145
294 685
653 874
305 708
912 300
472 339
987 247
481 27
923 172
102 501
601 89
526 379
554 896
795 406
729 953
338 279
671 747
340 313
841 244
884 830
979 98
983 698
558 900
126 217
128 1000
457 844
168 505
496 934
724 372
582 220
664 633
421 890
903 170
686 206
728 576
845 919
183 746
444 217
281 344
534 694
764 553
962 484
784 321
180 586
146 934
292 632
993 989
244 337
581 830
910 796
513 54
534 748
416 479
128 451
402 734
612 351
993 703
617 251
380 119
18 398
751 96
226 621
99 713
415 544
856 972
393 114
433 909
531 820
364 675
311 932
169 923
497 6
207 887
885 923
635 888
237 819
485 557
744 912
318 135
472 562
346 724
700 939
921 946
21 828
544 391
639 694
821 933
455 427
113 336
613 515
657 809
568 508
911 852
517 461
919 361
961 211
653 829
783 398
308 558
809 7
972 501
49 650
247 555
486 673
469 605
550 286
167 194
776 295
945 464
122 307
831 932
322 930
12 120
110 879
58 650
19 896
708 196
135 770
905 871
33 984
675 281
16 138
418 786
546 696
386 308
887 782
959 141
908 401
361 452
859 581
269 644
721 612
193 732
881 478
234 237
876 684
660 385
474 668
145 852
931 8
833 979
766 135
642 775
162 96
698 30
681 836
205 62
228 225
923 899
447 65
548 572
616 935
494 36
21 668
828 796
760 698
962 266
17 921
678 598
996 125
437 670
194 211
88 594
693 59
324 946
934 319
609 772
317 279
869 346
375 1
116 41
700 984
7 716
568 186
270 6
94 330
351 185
227 103
946 459
138 668
911 827
571 986
18 950
809 833
403 528
188 266
960 723
709 952
411 237
182 808
199 906
689 644
62 390
303 920
292 399
61 214
580 826
231 138
108 215
93 165
75 998
841 291
35 372
75 631
475 410
537 651
277 128
979 26
429 69
968 265
665 239
975 462
616 975
193 770
380 778
490 196
970 714
366 979
96 51
370 430
685 37
689 34
763 913
328 902
291 282
864 200
8 772
673 534
693 603
953 262
517 653
703 726
116 860
544 805
195 245
937 794
114 141
376 624
569 327
653 993
688 339
228 20
673 225
450 58
548 679
261 423
152 688
730 101
471 577
83 885
13 546
568 231
750 211
481 318
123 485
964 725
70 684
326 314
539 471
725 384
411 88
969 598
532 608
93 494
188 32
725 840
830 837
248 513
429 596
483 597
126 742
293 229
848 621
134 991
943 31
726 645
896 966
753 729
883 854
990 30
738 111
334 610
86 831
415 295
71 449
164 229
771 23
812 19
435 522
795 77
993 500
576 28
6 659
689 706
944 720
379 917
250 535
92 502
483 979
245 272
192 388
157 654
67 92
802 581
340 516
721 531
408 348
48 195
68 142
16 865
399 614
171 655
534 342
516 805
167 859
135 542
580 240
871 947
506 869
379 465
200 252
202 854
228 810
673 931
513 90
806 705
699 883
116 551
869 47
601 641
513 971
272 839
312 244
129 962
901 356
104 42
574 246
926 201
601 319
752 642
380 195
755 313
537 636
480 809
285 880
161 322
809 622
842 51
265 508
263 793
325 692
723 873
221 995
463 438
756 772
868 350
118 277
853 238
47 795
880 260
790 753
991 726
136 510
636 833
169 512
472 54
164 468
832 470
192 949
65 441
165 713
292 368
633 686
960 394
562 338
69 354
416 572
218 959
39 890
995 819
253 630
880 192
365 648
244 879
886 298
283 658
174 86
514 307
823 319
398 670
790 172
353 945
562 7
50 883
136 998
34 650
799 341
425 308
305 135
253 201
756 224
866 608
542 639
19 908
196 63
502 826
238 321
646 856
480 649
23 763
757 788
130 220
905 915
385 442
884 354
958 553
315 569
9 502
542 168
814 589
708 990
547 277
859 36
146 585
733 515
664 717
96 584
349 794
479 991
794 953
858 244
416 335
401 541
595 719
618 724
547 592
622 244
583 697
772 715
954 690
167 131
997 368
302 670
532 331
82 820
83 813
873 563
506 428
415 810
967 233
787 127
626 429
276 760
759 75
891 51
433 767
236 132
576 617
244 655
557 938
728 340
71 218
992 729
297 169
207 426
9 765
839 261
948 456
937 89
166 389
946 535
874 548
526 421
605 436
922 316
289 726
451 666
676 321
415 511
326 206
222 783
47 811
529 161
658 967
366 730
457 158
610 332
506 11
282 594
139 326
766 347
503 915
747 378
35 6
220 26
578 74
405 120
867 805
392 825
745 365
907 202
466 886
474 669
55 456
429 572
837 278
486 460
931 337
402 545
438 355
298 511
152 8
280 125
444 816
389 964
253 416
163 904
203 599
807 565
115 387
674 4
820 848
542 23
138 857
565 862
747 855
808 957
988 603
772 536
241 250
901 444
207 933
447 852
869 456
643 572
303 502
51 585
90 481
843 741
947 973
679 487
962 550
90 400
937 505
994 762
407 261
726 813
879 368
180 129
522 660
273 57
855 632
821 952
36 576
971 103
627 969
248 742
299 930
856 485
69 536
783 380
584 853
678 98
240 122
810 314
259 48
667 479
274 698
173 618
544 130
249 252
526 22
602 696
273 156
61 213
743 473
620 36
295 936
614 590
481 66
987 953
657 455
490 400
538 322
282 388
395 879
344 629
770 145
870 774
729 582
306 401
129 392
811 692
867 752
138 342
211 372
358 453
750 971
537 420
884 21
912 285
775 934
357 179
16 917
970 602
438 476
619 850
390 83
376 608
699 249
148 97
884 299
792 821
731 214
161 234
125 153
146 638
42 703
890 795
214 337
587 969
362 588
312 217
96 624
152 258
850 681
552 803
596 984
119 221
48 578
378 457
881 470
313 354
422 12
812 636
562 875
856 564
85 206
251 58
913 467
90 152
423 946
942 934
265 336
637 128
902 204
565 931
517 98
22 576
556 520
351 156
868 266
482 93
434 216
970 486
900 13
726 811
378 909
70 847
143 561
84 14
38 297
518 999
924 266
974 171
446 962
654 167
130 259
991 354
313 911
254 282
861 786
843 446
370 783
23 189
103 926
266 594
424 997
395 826
217 468
183 955
19 842
723 222
196 294
292 785
918 37
387 575
524 932
136 893
413 547
608 797
946 807
278 823
270 839
146 817
73 279
37 692
573 578
996 611
229 412
340 987
205 483
833 922
23 726
941 303
724 577
23 893
984 814
915 620
988 846
646 780
926 44
107 350
652 82
111 126
171 61
544 945
626 853
186 658
977 133
924 900
483 332
391 577
512 14
906 485
988 515
775 479
890 529
657 656
820 196
927 672
161 321
289 372
517 164
518 391
748 614
204 163
839 731
134 527
504 682
329 513
118 133
188 307
304 720
51 125
805 428
53 663
184 602
807 530
373 106
508 967
573 518
187 762
387 492
226 348
279 202
335 971
879 801
148 647
844 612
560 719
888 716
596 5
256 684
763 540
323 635
399 822
680 56
10 627
407 727
193 986
165 513
871 99
983 549
209 652
822 365
845 516
383 581
483 863
569 962
92 200
220 422
651 164
779 491
87 743
388 633
996 406
558 373
33 382
803 334
200 281
309 409
992 277
258 937
81 10
803 250
488 20
472 697
725 70
458 884
665 738
495 307
958 953
218 84
290 361
76 154
265 61
86 967
308 69
386 867
790 961
973 373
997 383
377 606
104 226
506 314
165 429
647 517
378 368
730 205
971 237
368 390
1000 331
583 792
514 801
290 813
810 180
350 133
62 281
766 781
88 948
911 854
92 964
183 575
57 639
619 988
108 94
808 316
311 411
772 159
773 738
100 650
783 569
731 888
292 484
554 979
226 352
870 569
597 863
396 10
642 302
511 321
885 84
758 194
268 204
145 671
477 194
261 789
605 198
435 754
898 230
851 58
763 774
917 427
611 730
560 856
797 901
358 425
16 938
309 731
135 435
767 596
91 415
915 932
457 418
974 449
8 584
559 809
565 812
894 696
931 398
807 291
404 278
172 986
599 93
638 701
381 588
661 362
132 376
740 149
78 468
794 781
69 963
752 715
697 62
484 35
19 38
302 972
61 703
463 767
356 365
381 686
340 489
786 143
899 948
648 244
706 86
48 788
503 492
188 136
806 37
790 702
792 691
669 755
657 779
217 300
382 598
74 367
112 54
66 987
909 437
396 200
607 168
166 422
745 867
796 873
307 896
707 840
649 601
174 112
156 639
782 735
642 306
382 131
183 854
884 705
150 5
478 630
724 124
84 777
732 909
404 912
163 107
131 713
745 447
486 143
399 524
456 78
845 972
329 774
267 150
551 702
328 904
76 542
521 895
354 920
794 685
851 308
512 662
950 56
475 88
495 405
557 250
580 45
786 668
570 7
437 12
96 386
209 165
962 509
411 609
655 898
768 46
362 589
328 757
111 202
205 177
707 51
564 456
735 316
284 439
100 856
693 29
52 139
768 332
18 359
19 66
440 237
463 723
617 467
838 901
960 642
668 243
155 416
467 498
638 573
697 677
57 582
683 918
491 45
127 309
148 910
403 927
558 593
139 709
677 77
74 18
394 649
727 987
249 8
1000 816
895 129
840 564
804 471
827 798
899 509
404 965
116 335
724 142
504 41
837 169
567 976
490 4
326 281
103 208
470 701
741 689
474 560
789 327
992 189
186 236
150 259
340 629
474 675
737 239
92 968
617 849
101 320
564 872
32 145
920 899
245 929
488 170
819 878
698 101
111 8
298 663
686 514
232 175
507 375
159 390
772 947
755 29
612 690
295 70
850 763
100 494
835 85
643 934
626 850
458 672
740 222
759 722
835 520
153 643
824 273
200 555
219 345
155 753
17 752
275 200
423 960
708 530
312 835
123 705
369 182
976 346
815 435
342 867
400 422
476 721
614 971
817 409
250 2
434 253
649 844
551 298
259 506
723 577
740 737
598 259
1 855
937 99
938 716
540 136
154 383
653 871
404 763
277 627
122 282
620 109
801 845
219 652
385 417
899 72
352 299
232 189
361 691
417 737
128 636
480 609
921 305
745 597
801 943
456 424
111 616
148 486
101 386
783 920
954 282
682 579
519 710
387 939
439 306
825 204
42 963
480 284
428 212
732 10
381 212
589 399
534 368
335 519
195 112
784 467
713 499
926 800
336 458
263 443
656 541
954 862
212 836
907 364
621 544
233 743
161 2
270 412
682 932
756 725
7 967
656 827
532 230
311 929
203 792
590 340
21 615
208 946
752 575
994 960
102 390
384 525
281 955
58 994
808 624
477 635
253 245
619 185
448 367
584 907
179 497
752 285
848 459
74 761
990 811
95 77
260 150
65 490
709 961
213 146
981 428
325 968
967 9
862 279
572 479
311 613
826 827
4 147
580 946
62 489
799 720
37 213
94 30
421 602
981 270
566 952
698 280
183 732
226 482
653 28
351 237
361 542
549 219
643 26
420 385
524 783
818 44
435 623
58 649
222 924
244 252
906 603
102 246
124 922
896 605
331 772
153 36
67 746
306 634
663 666
908 355
124 632
452 167
441 338
421 555
335 618
447 364
915 566
164 559
555 623
88 393
308 492
86 774
494 797
863 970
664 20
205 140
388 892
542 21
411 565
711 646
381 587
368 630
702 351
892 57
821 115
259 630
665 543
160 900
147 973
496 153
646 273
498 971
811 466
356 509
229 585
13 625
187 889
549 527
506 49
821 902
644 129
499 808
800 929
235 802
813 903
306 75
53 718
809 96
168 120
991 264
787 157
175 335
460 374
930 992
145 344
274 636
993 380
860 741
250 399
707 581
205 234
952 647
59 367
760 464
359 176
182 363
917 748
404 913
64 374
743 14
82 118
323 707
414 302
488 892
404 831
233 210
107 697
336 741
906 849
194 735
340 961
615 206
272 545
911 772
519 338
447 384
763 955
972 545
534 312
383 882
168 865
651 124
300 358
357 403
434 207
380 980
664 193
133 770
794 588
267 964
91 152
419 641
445 897
1000 200
432 532
803 615
669 750
988 569
94 632
755 350
423 846
680 720
618 554
88 561
217 851
694 719
574 817
481 966
462 771
929 958
342 213
470 286
38 242
479 68
282 512
284 86
503 322
87 515
511 887
402 233
811 335
764 357
433 517
696 253
787 806
988 457
596 414
522 537
687 961
134 835
469 304
625 186
308 626
403 926
867 197
960 417
689 677
308 679
661 953
126 628
93 277
149 547
847 700
528 756
981 454
757 175
39 800
128 657
430 790
586 104
729 243
935 783
465 705
227 688
641 710
900 329
421 834
816 364
528 176
219 879
646 736
704 401
408 206
581 949
872 374
475 54
759 798
985 837
604 233
751 362
771 754
93 327
423 822
318 339
983 71
306 945
932 903
223 594
401 600
394 274
972 811
480 957
890 684
711 590
622 223
604 958
53 160
354 826
627 327
705 529
741 243
601 928
693 112
808 774
26 847
578 432
686 959
946 684
322 242
709 229
288 78
877 900
557 818
317 461
504 684
191 500
449 253
506 6
514 859
169 783
445 105
529 805
529 382
53 612
535 672
136 368
598 256
658 173
182 791
203 264
55 924
196 983
149 737
247 473
643 819
283 640
581 452
583 378
952 684
794 191
409 219
33 839
178 424
18 577
719 251
595 457
624 343
72 863
438 590
41 625
831 866
228 693
175 730
624 422
563 517
322 70
660 489
243 558
662 331
367 435
538 973
975 304
194 519
341 724
214 578
879 340
76 551
93 735
806 657
864 866
522 194
367 145
561 774
284 683
217 632
452 497
941 812
953 172
661 227
720 353
419 857
560 329
2 530
86 965
603 173
215 803
517 885
692 493
582 969
930 422
824 157
221 851
544 300
804 886
380 448
612 235
207 657
190 833
670 463
235 680
660 609
455 423
65 489
784 537
438 766
541 467
379 744
888 524
887 710
344 894
731 890
487 733
537 913
420 51
585 957
218 970
595 372
649 652
314 892
41 988
616 840
746 795
895 446
990 390
28 893
12 346
219 806
484 421
295 453
381 112
120 161
525 660
659 862
306 714
607 808
585 406
923 889
219 196
607 953
721 890
979 702
85 755
97 76
370 251
501 867
471 347
676 832
3 659
850 704
997 191
593 98
596 967
137 4
161 414
513 673
703 114
706 178
725 662
816 606
393 227
782 327
325 760
967 825
345 218
878 492
421 213
687 718
172 649
247 199
194 497
468 784
485 734
950 952
97 762
189 202
688 759
374 206
446 715
13 796
732 857
716 221
511 803
739 4
943 406
145 27
529 326
607 914
948 490
472 497
50 768
274 347
539 237
353 306
523 916
943 7
875 341
273 214
678 240
238 288
706 745
251 439
658 772
398 571
438 996
832 63
734 416
122 339
878 528
916 166
594 537
997 29
639 123
452 855
129 284
607 473
386 357
683 610
192 444
54 854
127 804
956 310
261 664
824 844
642 197
92 12
185 918
439 793
650 712
906 862
528 228
983 860
175 771
589 453
80 658
741 282
267 793
641 52
788 461
470 851
402 712
775 214
287 359
16 709
826 346
703 944
742 926
321 402
873 861
531 771
260 299
6 307
497 836
431 322
713 885
623 222
298 245
350 285
691 630
195 647
713 966
532 270
222 364
630 633
579 813
563 432
817 864
216 261
752 471
439 391
973 541
77 552
880 363
436 441
311 575
494 755
869 941
729 490
607 121
535 268
776 133
335 346
544 161
5 142
784 752
14 261
786 290
773 568
64 6
961 776
487 60
344 822
750 409
836 563
586 6
714 83
314 837
685 631
745 639
529 878
677 668
366 657
537 363
118 538
214 987
900 866
427 652
417 406
537 389
149 87
206 24
850 859
245 574
102 921
215 218
124 890
295 354
742 201
484 297
345 549
292 720
59 679
81 35
134 55
207 808
915 990
698 466
369 360
573 914
388 934
781 953
30 503
267 995
90 130
742 763
94 714
545 478
447 234
105 455
823 607
493 88
881 153
441 837
256 555
380 334
898 933
702 231
118 510
212 631
623 355
381 852
192 747
320 464
378 202
297 32
596 588
123 370
307 123
515 702
364 120
632 753
759 129
448 35
680 654
238 656
810 497
832 345
279 86
374 976
78 820
63 606
248 511
871 297
283 256
395 970
460 920
788 978
628 657
679 823
596 119
816 296
693 987
183 9
261 847
978 467
524 75
591 915
552 301
396 726
880 561
510 204
115 796
194 661
102 42
949 611
573 852
241 662
37 853
261 609
504 361
822 386
146 931
208 360
210 282
263 292
197 544
115 427
707 239
109 856
107 831
935 455
721 63
285 535
356 22
229 224
967 566
878 247
772 544
975 887
308 64
881 258
479 378
119 134
373 995
855 882
858 18
65 466
40 653
310 653
95 937
542 360
485 697
344 259
289 390
255 727
971 238
75 437
421 129
702 18
193 34
322 326
969 548
623 500
593 705
762 840
304 864
986 912
736 867
649 832
762 955
620 429
297 318
157 258
601 488
782 855
904 857
594 675
476 457
879 838
145 259
771 83
420 387
495 585
131 816
961 609
67 974
466 620
840 590
434 803
233 911
150 239
318 861
580 624
249 800
627 798
783 841
239 453
685 171
617 525
192 448
266 843
305 167
966 668
239 298
44 196
33 573
819 906
59 429
91 355
953 636
755 776
612 903
850 12
156 752
840 10
215 130
318 665
817 302
86 661
606 930
265 132
239 121
556 77
923 902
618 274
413 44
216 726
389 566
958 856
19 696
87 170
329 898
937 707
114 68
134 281
617 363
90 493
627 318
955 759
9 65
764 125
801 237
621 292
159 783
806 382
790 851
593 259
901 90
52 976
713 954
273 997
665 831
579 961
606 426
436 422
248 746
51 9
933 171
735 83
627 890
652 517
710 279
742 940
127 227
383 117
365 554
350 390
723 1000
407 965
771 62
184 644
295 932
785 142
706 949
164 93
572 178
45 487
22 87
206 496
425 527
743 187
175 447
378 553
418 704
936 157
929 36
828 411
762 403
966 361
269 535
71 655
220 75
239 473
870 149
780 229
833 429
12 462
271 579
475 44
189 982
975 747
751 336
608 194
94 973
29 830
251 754
381 267
347 135
295 95
851 535
267 966
234 639
476 923
367 825
152 262
116 639
51 568
146 284
542 390
726 355
217 849
802 576
592 899
173 902
648 772
338 854
299 740
892 317
861 682
843 995
312 793
226 995
668 206
718 468
84 261
854 225
985 118
127 417
626 320
47 96
749 390
899 179
814 450
623 770
511 36
386 949
830 936
386 468
139 599
763 961
641 905
823 417
553 69
774 879
317 988
235 734
9 797
641 570
884 800
336 790
671 909
588 90
516 637
581 145
619 482
16 275
197 152
920 397
301 234
697 360
603 534
106 66
862 533
478 796
884 117
609 478
979 795
862 932
781 477
444 773
393 749
251 296
472 673
803 295
551 957
935 290
228 166
462 917
159 528
932 784
898 640
542 83
599 6
603 67
626 160
788 183
962 91
42 433
243 592
100 207
239 456
255 941
167 363
117 908
958 114
942 855
797 208
108 705
659 51
881 71
977 564
209 578
485 789
804 931
805 374
218 432
187 931
815 967
668 210
905 288
269 185
863 81
3 825
528 564
821 621
625 164
386 998
723 563
226 233
529 654
502 282
456 638
478 275
373 231
321 628
107 71
143 823
58 174
92 288
232 675
672 576
110 708
625 736
239 416
823 216
944 131
789 344
202 514
242 599
957 914
228 518
522 250
641 337
770 375
475 231
58 69
595 150
137 594
180 592
641 450
881 965
879 342
111 952
392 608
451 31
125 236
347 94
132 610
676 595
591 617
663 823
946 925
674 108
711 697
239 663
261 36
281 670
191 167
692 376
754 17
392 188
85 273
485 599
694 693
734 614
501 449
997 460
673 398
658 346
142 123
734 753
826 740
635 92
598 64
928 60
639 700
749 44
198 306
221 627
648 171
978 846
226 939
777 265
799 844
782 58
205 921
516 98
776 207
135 692
356 649
28 599
386 970
369 514
544 234
28 443
505 450
363 740
424 184
260 582
124 815
988 424
681 464
331 731
413 354
965 936
69 99
951 325
384 501
814 71
121 364
346 903
707 654
173 86
380 638
287 978
344 700
953 530
845 548
242 635
956 387
885 483
245 580
186 18
918 963
797 870
150 441
621 846
361 232
91 403
772 848
129 242
205 423
104 774
342 256
169 215
271 957
973 51
721 26
446 415
189 516
945 594
418 434
613 109
523 381
104 179
527 285
342 93
63 296
129 702
593 497
247 31
901 110
137 155
156 145
621 291
786 888
859 338
200 757
460 319
743 784
82 777
104 337
583 875
531 52
816 570
368 422
593 659
687 697
265 648
673 283
455 389
368 53
667 293
995 912
977 653
728 309
754 505
477 894
377 767
338 548
676 396
71 330
408 650
151 82
487 26
325 203
273 288
239 661
776 457
502 971
796 916
219 774
981 400
766 670
931 679
490 413
386 240
776 600
338 217
972 210
69 71
880 924
791 256
577 668
979 32
466 53
139 153
875 915
324 171
73 493
132 604
6 971
153 5
340 605
768 742
785 568
182 136
862 574
793 85
909 599
471 170
589 451
935 731
148 255
708 471
357 15
858 484
894 510
181 369
864 189
281 395
836 435
876 940
185 231
630 947
521 605
141 992
272 849
510 705
709 951
77 994
350 85
812 347
553 368
930 266
53 73
864 522
960 841
7 520
143 120
510 931
994 552
846 569
904 256
668 297
743 935
815 554
576 648
976 370
984 857
142 51
779 76
753 96
971 169
644 209
494 518
886 772
189 235
616 296
268 765
219 36
17 443
25 824
425 942
225 653
100 616
227 340
285 682
57 699
791 864
284 515
888 983
939 693
634 199
467 212
305 721
895 828
239 824
670 950
841 368
144 224
615 770
914 284
926 641
856 147
74 240
347 165
349 426
166 672
685 464
726 979
931 633
656 218
514 216
326 922
420 299
370 746
847 76
743 47
174 286
345 920
107 265
128 946
382 413
260 958
58 319
776 850
728 619
799 619
617 853
563 603
620 600
751 262
917 80
3 752
557 73
375 530
391 777
506 879
909 716
681 885
684 76
333 58
318 342
212 630
16 660
368 979
111 133
792 21
815 891
751 85
551 510
222 872
532 206
76 194
226 563
523 389
119 188
263 646
394 627
240 507
406 934
947 766
530 298
91 564
829 766
810 670
652 793
728 463
761 521
298 265
728 978
999 515
212 343
305 531
579 553
322 514
986 557
787 948
221 304
717 651
122 439
361 917
169 286
558 992
616 689
13 405
344 788
849 777
496 767
153 818
134 287
88 281
644 664
884 773
325 421
884 826
495 789
793 924
975 396
499 127
872 995
690 482
883 229
846 411
530 936
125 122
42 737
495 457
441 670
483 433
198 996
324 679
881 550
590 190
973 14
276 834
940 345
372 683
637 225
499 5
52 297
128 329
95 757
556 905
357 972
621 685
821 27
824 305
808 854
679 206
687 582
209 387
964 629
837 769
587 754
824 160
949 318
561 711
947 730
621 463
623 385
436 349
899 607
541 142
464 622
400 390
808 515
508 585
632 923
139 803
639 524
969 528
878 672
826 967
739 122
340 23
689 251
160 373
571 661
754 549
170 562
10 943
892 699
398 546
865 289
529 914
335 397
852 25
546 988
40 489
866 845
182 387
607 486
420 284
684 577
584 926
561 266
121 371
876 389
382 74
771 883
849 535
352 41
172 508
196 394
270 913
396 756
115 250
318 957
116 887
983 949
716 848
243 94
44 85
941 481
724 535
98 238
656 351
452 306
555 611
224 817
544 784
281 430
210 508
391 849
177 717
894 338
452 321
626 948
788 411
778 81
691 383
284 650
360 32
986 284
767 689
823 739
440 504
846 594
15 443
953 62
385 698
8 683
704 920
320 717
29 235
730 606
517 854
112 695
462 811
108 763
860 650
21 1000
406 622
962 86
418 120
958 410
763 46
535 628
256 838
491 432
308 666
75 177
701 221
492 88
61 126
227 330
377 441
361 988
804 730
386 943
500 305
860 359
526 395
585 973
553 499
148 725
645 519
923 365
446 778
438 874
108 71
425 525
247 634
340 376
785 285
288 787
989 21
348 899
597 592
168 116
666 91
673 717
301 132
230 42
197 819
54 964
404 243
576 324
741 694
724 964
526 299
287 838
641 238
996 452
745 220
356 821
56 535
509 835
916 133
720 526
557 245
685 960
833 722
561 835
103 764
472 630
308 228
471 376
349 860
941 632
66 338
104 1
431 734
986 99
604 982
203 855
294 354
497 118
647 682
81 375
744 49
91 954
203 804
924 860
378 322
621 262
616 641
146 60
222 339
811 306
320 503
321 34
319 747
14 127
522 97
208 668
190 796
339 706
284 193
378 36
621 40
311 568
313 695
151 147
423 654
672 712
1000 535
106 746
36 753
394 508
114 957
682 910
88 224
625 271
183 659
847 696
822 974
861 876
787 633
995 762
154 6
368 347
473 708
443 44
871 484
818 240
735 629
900 990
126 52
115 973
989 234
331 696
945 76
505 565
824 875
785 539
510 294
148 301
42 1000
499 19
99 870
654 950
417 245
79 21
882 451
100 260
372 545
920 75
793 451
760 650
670 27
177 614
694 909
588 384
94 713
539 844
138 795
929 124
267 629
252 429
551 157
560 304
544 661
268 813
12 903
270 167
358 9
852 723
544 260
808 665
881 69
610 541
294 104
232 574
9 1000
110 670
502 975
543 879
914 29
769 806
494 547
388 372
819 168
273 60
535 700
424 661
761 505
959 588
624 911
217 367
178 963
493 554
65 291
815 427
948 610
357 649
625 299
353 232
135 624
230 694
856 193
213 588
822 938
988 454
790 308
351 690
291 159
755 610
2 86
836 929
322 967
698 974
662 109
171 962
82 155
282 361
968 328
150 288
893 786
672 863
881 874
510 322
665 89
884 75
564 841
638 94
935 738
992 444
977 424
997 933
29 883
712 43
91 38
367 157
850 841
501 907
337 922
546 206
656 530
307 766
919 991
461 377
548 663
831 413
236 851
369 410
99 753
502 670
584 323
214 2
716 320
700 861
20 319
114 430
522 921
214 125
507 229
623 275
481 514
522 872
562 813
928 207
235 543
762 740
88 779
809 877
986 927
58 862
149 266
818 884
800 215
105 909
416 736
218 692
717 686
994 21
888 528
279 119
516 124
416 607
201 991
827 639
520 837
4 446
248 286
107 37
92 663
787 689
19 795
945 345
892 922
571 483
702 624
417 625
182 307
475 295
115 844
390 332
448 637
822 323
382 474
510 239
167 570
629 891
166 971
82 14
670 551
393 585
157 480
874 114
103 356
489 16
901 993
224 835
63 970
154 562
599 644
716 928
219 216
721 894
728 90
357 122
930 2
966 972
695 262
718 93
665 343
635 577
742 871
130 457
46 990
881 705
219 486
916 448
294 500
422 313
722 499
280 354
669 280
736 613
376 715
985 675
867 224
251 768
119 246
303 511
431 682
930 343
521 146
557 596
172 758
556 652
65 175
119 20
195 572
42 169
868 285
925 754
708 742
671 427
56 261
529 232
956 680
459 832
580 667
13 873
472 501
715 19
791 862
79 728
338 546
874 752
692 769
72 650
490 761
348 719
317 836
908 873
628 566
40 55
278 81
795 441
191 972
1 444
666 390
922 44
468 438
572 60
600 131
407 533
713 114
914 715
296 654
650 613
466 194
33 621
652 143
73 380
719 223
546 421
215 306
388 680
315 664
779 41
263 216
391 807
31 332
570 414
642 995
256 42
24 54
479 638
730 728
833 405
703 815
65 591
985 526
379 299
952 321
296 984
669 252
108 570
345 280
582 134
56 229
23 942
402 945
707 454
468 594
7 969
797 173
42 107
173 899
943 617
768 497
647 587
280 906
998 805
895 587
625 83
535 554
504 465
711 165
549 858
217 225
456 871
322 296
942 651
744 654
791 563
734 489
296 159
792 772
193 265
835 870
657 122
143 943
645 489
596 377
524 750
357 651
325 173
953 908
787 632
662 868
538 318
496 725
304 408
163 303
680 67
115 998
26 125
852 449
203 10
339 238
654 635
269 679
953 878
923 406
496 874
267 458
715 855
468 881
131 555
927 55
586 887
73 280
362 802
594 170
333 214
504 380
987 377
371 91
625 948
975 712
462 309
533 46
592 550
561 797
798 194
547 110
973 104
774 91
522 128
872 325
302 936
682 436
674 71
930 189
237 813
163 726
661 315
510 739
82 538
470 93
114 395
229 938
517 464
271 149
990 535
161 968
185 332
229 509
99 434
980 667
670 325
378 359
930 526
934 462
33 322
332 486
468 852
400 412
697 346
806 20
436 697
587 391
678 82
899 771
916 931
866 210
408 806
652 633
374 421
726 846
749 359
742 393
182 744
567 480
226 228
585 571
491 8
218 832
420 4
316 469
580 890
282 37
896 809
571 617
862 440
420 107
911 727
382 221
554 536
850 371
174 201
94 9
895 385
219 928
291 111
516 604
754 963
16 687
975 25
233 284
305 191
948 935
612 792
793 98
166 940
923 237
746 962
767 808
737 269
104 670
488 893
894 421
362 858
223 671
833 895
760 969
923 769
29 882
471 477
589 282
312 442
81 3
814 597
963 125
968 773
987 99
592 657
792 115
617 226
30 471
706 557
877 688
324 560
695 451
309 132
350 560
688 275
719 561
85 429
746 404
714 208
626 195
555 197
886 561
703 69
472 545
765 652
462 522
198 535
950 550
53 417
458 307
547 64
739 158
907 814
213 43
820 453
397 404
236 252
454 847
554 41
369 805
460 500
109 795
965 738
786 949
363 144
93 295
296 87
80 702
634 253
248 432
869 882
563 59
710 190
273 262
951 672
39 790
911 149
370 846
606 921
112 461
166 750
727 767
374 589
90 736
714 486
180 110
173 83
25 494
703 87
954 312
701 605
689 61
323 779
784 279
626 720
718 128
756 115
64 957
51 917
96 270
597 475
564 733
554 718
508 251
337 573
829 783
370 244
581 682
394 324
970 808
509 671
772 625
495 348
685 764
980 968
894 562
952 277
20 365
324 973
393 149
303 510
360 192
34 641
199 313
682 789
385 809
463 708
778 256
156 236
969 839
369 231
575 435
632 731
796 444
392 42
393 375
123 464
794 391
13 624
77 575
61 922
339 552
319 582
751 579
424 186
946 628
616 350
999 581
329 339
735 95
224 443
443 695
170 645
729 146
487 134
827 557
792 856
442 112
895 234
774 903
56 450
776 460
125 492
645 662
945 324
858 943
175 443
128 570
650 21
633 57
631 784
27 624
356 390
196 345
509 142
663 327
206 150
580 487
543 253
102 103
286 366
541 368
416 377
673 578
495 45
836 47
327 932
261 310
362 948
983 185
94 832
129 844
964 950
765 338
270 725
109 270
559 181
628 815
138 583
381 843
677 198
403 345
613 864
946 533
514 881
531 85
554 147
209 747
874 819
66 788
198 377
995 945
429 587
916 895
991 453
773 658
957 85
563 194
106 635
550 460
952 587
917 967
652 436
121 94
982 635
144 227
308 926
476 264
439 436
727 833
538 683
239 539
357 620
49 427
158 599
839 580
326 921
386 322
210 126
282 275
312 804
712 708
444 923
737 119
441 434
131 554
43 183
42 982
243 107
619 260
983 895
95 539
163 874
861 351
614 57
923 804
121 756
675 135
883 40
480 597
615 682
7 826
525 953
570 34
517 633
439 655
354 665
259 140
765 389
893 176
109 353
312 206
583 136
912 956
413 385
604 948
829 376
869 264
263 643
712 461
952 444
610 680
402 37
373 574
288 68
859 415
848 140
163 360
338 822
446 309
123 408
783 158
147 888
867 9
243 995
852 947
924 64
526 180
108 483
592 272
596 440
960 107
381 604
217 459
311 399
635 259
947 191
600 89
487 95
895 162
770 783
828 121
757 141
975 250
387 357
226 455
887 542
343 636
533 540
149 779
480 70
153 160
260 652
27 651
508 556
951 402
296 696
387 515
603 135
429 388
948 928
132 953
404 198
577 970
337 365
671 896
585 455
604 421
586 872
606 623
771 566
78 4
850 37
708 411
341 734
909 668
238 334
885 557
44 3
263 291
960 1000
243 357
580 108
91 169
73 998
47 908
498 109
906 196
971 566
185 397
385 595
25 756
661 463
989 850
513 556
600 270
7 589
293 352
494 483
117 620
817 850
268 930
839 277
380 478
74 657
921 952
60 476
207 671
227 117
283 167
34 87
100 604
433 583
469 257
967 6
330 985
526 3
238 689
166 434
903 687
322 660
52 573
382 796
164 215
537 923
184 749
629 261
499 736
373 199
598 512
174 400
272 112
623 951
195 423
412 820
555 920
662 924
934 104
524 917
671 838
329 515
178 946
741 526
797 615
136 829
709 32
234 64
386 714
399 560
491 313
585 483
236 773
946 392
295 336
703 599
964 882
963 314
312 488
940 26
284 534
983 148
955 447
738 805
133 791
45 459
854 675
431 598
307 732
789 828
618 10
721 30
466 691
238 55
20 366
5 254
632 510
433 935
106 396
472 213
753 286
881 289
935 196
133 90
62 112
583 726
234 841
259 652
725 257
317 147
825 347
846 707
777 472
282 934
65 94
265 652
104 484
655 411
93 401
832 504
796 67
672 81
430 321
929 614
355 386
969 642
736 755
588 876
184 538
44 722
361 140
784 793
178 8
537 631
877 278
900 711
210 889
763 623
668 832
876 198
59 356
850 425
80 953
31 778
180 701
219 634
440 893
112 490
331 840
210 923
470 681
487 325
591 115
25 86
923 18
831 92
728 659
629 368
475 178
21 2
967 334
757 264
504 794
139 123
417 381
382 327
224 865
813 247
814 688
200 202
589 336
812 49
101 54
971 656
116 981
392 395
621 592
12 696
448 204
60 7
636 661
859 148
669 107
930 377
972 28
62 108
69 816
674 882
89 146
796 385
374 189
800 964
30 601
308 347
352 987
521 110
481 697
448 430
378 35
70 821
911 865
207 154
411 910
613 577
800 162
482 935
424 928
454 39
516 38
581 361
723 538
799 657
156 693
61 240
64 28
546 912
2 222
685 443
873 779
247 666
895 30
788 964
326 783
477 145
661 439
226 403
142 814
767 208
913 705
534 147
130 173
776 711
678 684
562 232
836 991
853 999
103 200
36 263
167 623
281 216
300 140
500 7
249 588
720 114
149 81
632 11
137 569
286 218
824 733
515 448
868 558
832 588
512 330
487 988
589 372
211 499
834 637
279 944
342 332
270 537
536 495
664 36
844 898
47 745
161 126
200 452
189 853
481 793
208 63
912 957
752 700
270 315
695 622
73 811
106 192
759 347
545 65
30 667
731 314
968 600
553 974
664 906
959 794
82 826
356 301
621 487
622 960
218 266
276 750
99 5
796 485
515 535
420 977
645 152
114 762
387 168
389 986
31 761
195 903
311 537
241 770
867 153
389 619
653 782
296 435
244 595
339 314
527 954
951 606
681 110
809 161
477 979
921 907
163 380
222 793
813 746
991 871
525 54
68 423
139 57
664 678
75 553
657 279
804 66
823 166
342 894
845 682
883 459
274 865
576 481
153 80
500 953
866 569
656 73
984 582
382 445
314 69
560 949
443 299
561 460
627 540
818 501
413 911
956 766
367 440
793 17
479 658
346 424
478 995
465 448
138 486
690 699
729 935
968 41
253 33
56 611
720 570
383 930
997 930
607 791
820 621
361 128
537 133
276 223
958 983
449 741
894 645
987 101
252 93
444 857
252 623
111 266
591 540
594 79
243 386
262 760
618 730
285 185
696 768
899 677
555 199
403 434
668 510
678 60
891 239
29 180
750 38
181 873
863 269
169 785
248 617
622 988
311 863
187 853
479 389
268 562
179 505
507 964
971 117
902 741
190 731
175 109
360 334
614 894
49 566
737 159
140 331
434 67
821 588
424 46
268 487
71 498
53 867
224 427
666 318
852 37
502 490
268 118
107 38
295 783
353 122
316 362
92 576
158 541
343 515
715 692
59 200
611 999
780 104
683 313
783 855
869 857
790 49
719 85
171 547
577 548
210 71
391 30
768 543
481 479
612 830
279 677
29 562
867 579
56 656
426 526
922 395
944 79
50 766
929 217
57 483
647 15
480 687
410 726
51 772
35 480
935 272
669 356
907 307
945 708
603 480
932 964
551 832
186 736
868 964
885 802
274 516
232 126
95 725
596 974
833 532
103 954
342 86
904 659
721 319
579 169
657 599
713 979
40 623
539 599
976 395
777 78
375 395
288 141
640 722
496 224
848 853
796 45
781 447
234 662
256 858
593 551
878 151
240 116
202 919
227 334
677 80
594 750
4 270
443 806
727 974
247 512
912 367
44 513
199 669
258 995
884 603
739 376
27 852
914 548
383 337
168 158
944 559
175 581
267 290
509 283
400 817
195 257
884 889
707 704
838 159
908 473
270 966
732 821
572 942
349 355
753 287
745 422
29 613
61 669
927 92
729 765
750 977
931 25
254 160
384 244
59 946
426 10
724 960
379 593
340 969
8 783
832 609
851 319
335 598
340 824
237 548
475 83
993 530
118 395
393 836
953 380
310 771
556 47
849 51
208 197
225 761
406 918
307 571
950 339
110 172
924 954
218 21
436 76
902 865
669 106
640 400
824 237
40 700
722 756
872 153
411 823
303 269
473 114
130 981
772 260
513 520
167 466
482 480
725 292
161 669
184 362
114 727
647 981
943 450
314 525
86 337
605 703
597 573
330 911
494 762
286 347
688 793
621 181
201 698
329 333
863 136
244 632
575 516
465 893
236 488
943 32
636 534
847 820
588 657
348 686
219 290
737 826
679 699
645 615
336 893
362 161
325 59
199 534
884 814
131 782
889 208
976 280
504 50
505 735
417 589
36 177
538 223
408 883
640 445
2 912
704 378
528 168
802 971
567 201
1 40
590 794
912 160
754 328
261 630
372 271
706 394
284 953
693 531
451 152
890 351
920 177
208 387
794 662
837 724
214 230
439 536
906 95
484 167
983 95
17 828
91 79
954 835
341 730
932 798
575 134
371 668
997 240
321 375
564 437
178 728
431 766
158 322
695 617
493 81
638 589
398 412
290 573
646 326
351 452
373 572
856 538
123 45
694 594
772 504
24 452
687 655
398 994
540 232
116 874
406 645
476 518
173 646
9 893
675 860
985 84
729 95
583 76
199 839
644 976
739 466
334 986
304 601
605 421
369 745
558 997
406 86
814 339
411 460
69 248
306 154
383 408
260 767
610 250
140 21
755 614
41 1000
637 598
504 78
183 6
535 237
225 244
155 795
563 668
324 232
576 273
444 705
214 747
859 738
141 671
54 896
951 178
186 120
578 774
963 320
868 726
950 78
73 650
6 182
962 536
779 114
400 60
68 907
141 833
551 974
870 256
873 252
747 727
767 664
591 622
264 655
711 661
177 902
52 310
117 840
893 181
171 160
925 87
644 481
536 234
938 194
407 389
209 390
63 487
765 649
723 861
146 497
772 333
591 829
522 788
464 724
963 698
288 98
753 82
716 34
644 263
114 652
892 355
624 705
307 47
165 181
105 992
434 150
71 207
98 107
814 397
815 188
374 388
109 937
274 766
972 489
294 709
444 50
544 224
872 713
145 363
205 827
187 272
465 982
597 869
600 55
13 436
822 906
533 717
790 212
314 661
351 658
10 650
687 340
249 952
969 87
55 142
844 785
546 849
757 16
227 785
819 757
345 938
107 327
224 121
586 827
804 246
733 509
500 781
881 476
591 191
964 3
927 153
288 133
72 411
27 669
474 275
682 732
275 734
58 210
688 69
375 977
693 508
930 30
660 235
608 172
129 869
634 880
67 17
696 575
487 303
826 334
925 417
920 661
308 504
618 949
980 971
394 466
33 114
949 4
734 810
163 659
807 170
330 656
117 812
858 78
986 59
700 893
419 970
829 607
665 998
298 25
520 522
303 360
431 295
913 492
234 951
398 84
739 814
388 42
924 228
427 452
527 57
602 94
938 60
701 502
556 643
501 336
32 131
740 480
714 611
56 475
164 384
971 16
863 6
403 540
47 85
529 318
969 567
37 111
203 379
596 498
409 456
28 358
306 64
148 867
540 201
896 869
422 837
986 657
383 451
844 599
24 928
813 672
182 287
16 452
723 207
154 94
857 533
348 920
934 691
796 688
604 329
36 237
183 78
529 52
211 257
547 251
340 603
452 125
129 54
521 788
371 71
667 562
465 510
453 597
538 781
741 258
390 78
655 758
547 985
548 358
401 807
128 121
171 445
208 448
945 662
565 741
911 393
859 968
493 330
439 676
371 786
829 897
918 690
637 164
552 692
473 343
73 781
665 593
411 665
507 48
699 702
955 808
404 9
744 69
29 379
213 398
604 753
830 23
652 883
530 4
981 905
678 987
833 130
691 284
838 669
549 838
181 578
5 660
134 824
378 912
808 367
457 263
330 31
293 233
852 888
763 303
675 897
97 873
376 288
982 638
878 959
611 832
26 214
176 727
231 51
697 848
74 250
866 782
540 499
980 250
412 894
895 489
336 924
83 249
301 82
604 301
235 466
110 674
810 1000
760 211
478 890
542 527
524 46
968 416
440 633
594 166
315 331
907 15
233 70
141 715
716 917
827 468
441 145
868 552
284 553
765 160
766 203
987 234
271 733
671 634
664 183
797 357
263 329
513 86
950 397
94 803
369 352
318 299
769 381
254 665
310 927
993 731
356 201
124 125
768 179
437 264
811 119
6 279
90 428
455 148
555 106
892 233
658 369
98 356
56 483
757 677
868 322
914 22
423 728
653 699
212 349
765 951
866 238
783 441
240 957
210 541
284 372
778 795
641 893
58 921
330 130
828 133
466 322
943 180
408 631
447 958
639 999
625 520
865 249
814 50
709 440
582 190
567 782
15 888
590 708
681 552
314 67
41 649
524 210
871 229
220 867
676 789
608 931
914 926
419 260
427 881
293 219
475 109
725 837
30 57
476 88
965 386
362 745
590 17
771 729
756 313
759 618
878 455
559 798
547 894
641 229
755 195
683 366
846 814
150 865
962 315
569 776
963 14
60 578
906 338
446 107
472 557
638 543
324 579
146 351
535 795
648 997
332 118
351 426
498 842
816 683
390 365
96 785
228 310
946 585
930 558
955 961
904 173
49 842
697 378
597 566
331 148
155 98
308 400
800 125
549 798
867 183
460 583
796 233
750 824
991 253
587 52
92 590
112 148
320 130
781 596
174 924
191 838
710 178
876 78
14 709
1 570
843 287
572 311
809 131
97 145
903 569
926 874
28 545
876 221
842 93
715 729
117 207
107 425
692 62
192 734
211 503
641 660
823 132
591 465
617 757
871 184
768 529
632 870
404 229
176 76
669 831
229 473
285 343
214 615
953 501
76 636
298 706
480 673
778 200
928 693
910 965
158 110
823 840
863 943
811 768
213 525
387 247
853 799
915 798
347 288
289 239
91 807
396 564
260 312
971 836
925 58
498 373
341 819
358 883
713 832
595 865
310 758
350 931
838 916
434 454
40 593
333 512
173 811
869 734
525 566
268 577
216 306
829 799
184 336
97 753
749 9
752 307
491 281
613 554
961 25
729 101
730 470
144 989
622 728
680 703
22 781
938 723
980 1
174 952
710 158
72 542
269 988
71 464
516 355
999 180
891 535
430 145
308 821
239 515
224 312
922 41
671 662
249 859
12 17
253 931
783 772
228 202
552 437
76 819
37 643
665 250
166 921
79 136
926 755
768 765
254 166
222 640
286 253
159 369
176 928
788 359
439 897
85 813
926 429
802 135
630 591
751 344
589 333
699 245
133 743
462 333
673 914
762 110
72 263
91 101
128 489
187 269
890 815
603 462
414 867
364 570
200 427
882 148
295 36
650 53
579 105
68 738
911 174
91 771
254 717
275 72
479 168
998 429
413 298
548 827
474 28
256 327
47 933
24 953
398 49
900 211
801 370
490 917
622 922
425 6
136 463
892 420
179 51
53 534
666 547
633 556
886 142
216 44
203 358
22 958
204 565
596 279
101 991
370 944
10 865
448 254
503 664
70 101
74 104
827 954
165 831
974 575
405 256
902 622
192 243
46 18
411 403
897 680
623 1000
771 147
538 170
600 159
712 633
624 293
219 603
291 118
885 130
93 108
391 211
818 381
858 830
509 174
974 840
386 497
996 835
396 698
261 628
402 982
841 774
642 849
736 60
415 76
958 687
371 979
326 644
272 662
717 316
674 817
573 824
208 276
372 559
64 872
820 571
310 680
17 818
722 529
432 603
90 139
371 670
380 533
857 427
747 779
824 284
402 910
150 932
527 338
432 697
274 212
220 824
247 17
787 110
401 223
130 951
956 527
574 938
890 263
763 127
397 363
329 525
679 277
682 11
921 849
958 340
139 828
913 408
784 567
433 607
930 749
808 445
348 622
352 617
973 649
191 732
412 671
964 988
144 805
71 378
488 942
537 786
330 48
60 137
408 858
351 922
314 905
843 370
89 849
316 466
724 471
616 696
709 645
213 598
396 26
415 270
770 779
573 182
921 397
689 985
463 18
157 835
692 740
810 683
596 120
799 293
589 721
954 446
738 473
330 800
923 585
727 583
339 382
694 436
462 120
668 934
410 479
810 187
840 136
72 18
181 400
898 312
674 275
286 53
508 381
917 125
441 172
115 155
371 943
586 630
770 293
512 730
183 452
299 203
724 728
301 633
499 118
215 983
822 165
863 987
484 980
108 1000
289 194
897 387
830 355
722 408
545 497
379 71
754 9
699 552
510 915
631 333
333 650
541 101
677 613
74 522
476 874
547 45
591 831
669 961
262 537
416 937
470 348
401 187
442 921
69 646
985 5
587 457
61 92
481 742
541 312
514 676
880 428
886 246
635 434
696 302
61 196
634 6
796 793
908 835
653 447
678 349
477 52
819 473
487 127
126 261
842 90
225 52
192 315
49 358
462 677
340 355
561 259
980 307
768 611
880 967
573 444
743 108
949 733
624 994
372 210
891 642
824 809
71 960
275 627
42 938
747 407
685 981
229 41
746 197
176 296
267 836
54 140
113 704
129 891
494 71
993 342
586 765
312 202
29 115
640 24
689 173
795 676
462 899
636 474
700 895
916 300
887 203
781 730
697 443
536 887
259 752
80 339
318 683
172 643
636 184
428 789
178 960
365 366
331 34
42 147
308 167
744 777
606 10
415 898
875 109
269 812
154 267
503 105
164 352
718 779
865 469
973 802
266 720
283 338
912 354
434 922
397 230
218 773
466 449
847 338
904 646
819 309
714 37
168 129
757 65
762 297
365 798
585 208
396 433
842 193
550 534
978 257
483 933
549 837
125 360
332 646
629 168
704 273
119 846
194 675
926 752
196 469
676 991
751 389
862 550
44 161
873 271
995 308
146 849
441 379
812 158
758 742
135 395
85 812
730 563
158 56
536 360
992 378
81 61
210 475
448 971
301 560
765 11
939 492
493 328
497 781
929 248
938 358
741 115
626 181
418 494
9 806
539 790
540 581
43 935
595 658
681 755
502 728
503 49
711 492
627 741
114 496
355 998
195 625
325 706
180 251
994 659
260 51
172 258
29 490
108 357
347 715
259 381
546 531
282 902
985 125
434 205
566 674
950 781
868 398
796 163
209 895
850 274
984 131
184 587
830 966
889 266
859 183
305 713
625 256
251 168
939 826
10 878
871 319
467 77
196 629
18 705
314 728
187 346
297 398
151 511
448 878
675 737
913 820
418 650
979 87
945 155
374 543
13 331
510 79
866 767
595 423
334 441
306 422
73 433
372 172
215 383
660 472
571 15
475 146
702 887
318 636
251 587
380 813
660 335
880 749
720 594
407 186
780 992
565 598
250 989
146 964
310 883
629 607
941 691
798 196
808 468
426 516
219 439
203 522
534 578
506 585
219 292
313 175
940 508
977 345
142 842
18 300
272 964
134 478
281 826
564 295
216 461
267 763
164 661
699 839
354 359
463 699
640 750
520 482
874 897
468 850
990 827
235 899
766 770
415 602
967 25
782 982
530 87
325 873
320 40
553 398
883 915
543 448
425 771
463 255
325 250
560 94
735 803
439 358
761 220
559 17
961 994
767 348
328 417
457 3
974 536
386 1
564 702
408 633
887 533
305 983
898 100
268 795
165 675
801 955
896 589
571 333
663 450
629 255
576 485
387 518
797 771
600 491
234 105
273 377
646 552
150 315
353 685
962 885
599 520
171 907
893 811
258 207
767 982
823 64
400 538
385 509
868 639
614 79
46 747
577 427
16 970
755 935
747 698
228 877
465 85
727 277
950 508
953 328
665 380
703 796
246 857
45 482
371 716
284 301
46 820
902 157
302 825
428 524
902 816
255 36
920 844
45 715
617 262
1000 410
69 867
485 606
803 678
75 478
147 957
20 437
169 789
139 394
686 998
92 653
356 924
186 780
78 790
229 682
804 968
147 667
921 393
18 980
351 872
321 781
784 675
162 779
434 100
786 465
774 800
365 572
972 484
616 518
959 766
545 542
146 277
876 72
754 684
866 978
616 661
525 197
526 294
250 383
686 794
648 559
594 552
296 836
541 891
151 740
585 827
268 193
935 891
246 674
728 781
241 180
586 215
127 821
989 186
202 732
165 552
6 996
392 856
120 61
687 439
426 888
380 631
748 736
219 819
292 941
729 562
849 408
944 500
345 841
950 190
698 207
435 927
884 182
498 345
478 963
7 91
780 985
395 317
487 915
384 10
737 412
702 670
144 207
621 982
142 625
54 141
720 425
556 71
738 830
333 506
906 18
724 765
28 733
264 331
896 4
517 956
313 118
155 919
524 939
507 440
197 178
626 142
642 683
55 898
313 231
447 628
423 862
315 817
68 543
437 334
332 404
172 749
636 74
319 878
216 389
143 412
950 516
916 668
496 149
649 63
49 795
88 895
839 500
380 511
147 838
866 434
539 472
756 834
401 55
117 365
902 709
291 512
734 500
535 765
943 8
857 975
1 747
607 159
738 588
84 56
72 512
821 733
697 999
593 854
466 264
819 308
13 469
641 980
399 972
201 77
933 260
753 678
685 483
614 459
559 446
232 853
418 973
692 733
400 821
898 44
689 881
28 805
103 163
361 256
15 781
1 343
422 769
525 645
283 913
400 549
382 505
737 222
901 957
138 299
46 688
270 780
345 677
517 143
774 340
812 159
906 980
820 690
893 68
859 860
788 464
42 704
149 282
708 111
183 257
432 802
17 852
702 819
932 919
384 901
938 468
682 977
350 611
318 413
584 307
199 394
811 959
642 655
682 864
954 653
460 118
8 335
69 938
717 858
578 244
120 324
329 646
487 911
424 686
830 26
636 221
605 778
772 407
919 448
800 72
564 17
880 358
900 499
928 662
635 396
946 369
108 4
58 785
65 351
467 223
883 33
586 299
89 337
700 311
44 691
451 691
430 431
558 828
50 239
861 149
239 60
386 173
153 206
64 319
491 976
934 722
409 997
304 253
324 325
515 297
385 28
542 626
409 918
31 11
751 408
183 220
129 849
618 47
376 846
361 30
36 395
309 358
681 979
710 614
937 982
423 435
225 680
73 856
470 177
293 899
241 338
462 734
356 101
577 408
231 220
606 345
556 926
323 261
397 566
34 848
406 972
533 713
693 68
916 741
333 629
484 743
838 978
756 759
328 391
156 65
985 47
425 705
20 330
434 238
895 127
19 440
826 808
800 195
529 507
179 190
1 674
588 597
827 762
79 665
440 115
144 182
911 614
549 152
22 203
574 484
944 909
597 845
619 781
396 613
748 431
487 85
948 537
698 756
885 66
207 106
944 540
762 255
799 406
710 119
178 348
434 818
788 997
969 423
735 704
115 971
79 44
600 381
921 173
524 126
214 892
70 496
453 264
989 198
917 409
630 844
988 290
260 488
140 710
414 509
876 696
275 601
441 321
64 275
730 633
361 250
56 616
831 453
172 198
176 129
485 153
712 83
106 334
767 567
864 894
383 830
594 427
650 489
928 539
753 617
113 683
773 493
538 610
152 473
445 620
997 143
377 782
584 508
161 29
350 571
66 402
821 98
437 361
649 433
824 169
185 548
938 81
901 107
651 636
15 253
933 858
94 350
991 212
441 584
425 51
320 311
319 555
624 709
364 960
915 304
924 418
88 898
259 453
836 781
373 943
100 553
643 566
515 788
112 151
19 581
23 21
279 143
574 786
911 240
883 799
300 525
980 95
32 551
269 774
842 88
153 460
939 914
373 643
548 166
11 276
988 337
84 458
59 207
491 357
763 679
625 989
77 479
558 86
525 311
818 259
323 867
721 670
328 11
828 744
237 702
851 185
963 403
266 193
710 652
200 69
163 859
805 744
103 399
793 240
137 628
516 865
603 729
536 270
367 72
501 966
232 325
985 905
713 410
313 4
918 571
759 587
489 715
755 160
495 357
56 587
856 777
765 327
198 840
220 988
539 780
99 277
816 763
29 226
87 300
753 272
536 202
460 162
817 743
401 276
368 321
331 87
702 170
853 198
1000 262
711 296
364 917
203 17
77 568
264 235
593 538
155 67
875 432
201 641
933 80
203 383
723 516
781 382
69 410
586 308
398 916
771 410
248 467
616 471
969 277
459 567
44 607
795 433
232 967
212 2
122 359
990 536
533 749
808 36
166 690
526 843
600 134
483 413
819 676
896 647
35 245
509 278
275 834
367 173
865 38
222 613
225 199
614 347
656 7
875 909
694 451
855 429
435 732
2 905
24 753
690 282
346 484
509 120
241 762
901 956
701 634
336 722
7 41
595 606
690 749
486 264
380 779
950 155
404 107
305 474
345 725
985 997
693 476
919 942
560 47
778 122
138 157
105 326
336 30
319 943
806 439
909 80
368 655
940 425
436 248
865 986
612 360
651 567
809 755
646 494
425 250
482 509
1000 354
507 786
53 482
368 508
259 383
151 821
339 717
284 218
602 333
490 547
770 657
143 657
972 335
353 505
316 235
759 177
47 117
839 249
92 898
809 62
139 461
445 314
178 87
821 655
257 620
892 376
259 170
101 813
83 302
410 2
729 352
839 799
642 377
843 472
415 424
349 15
596 240
580 669
760 480
698 576
364 460
240 706
888 302
444 468
780 94
429 8
788 945
736 354
220 179
820 273
752 306
448 526
712 715
969 252
957 693
536 246
504 277
50 929
471 211
970 542
21 32
371 39
104 682
820 736
917 102
577 769
266 104
124 292
965 426
327 897
690 493
833 772
444 911
428 260
102 759
892 145
863 992
440 458
261 164
155 929
138 177
752 803
626 836
682 946
315 779
363 723
164 768
313 286
80 255
136 142
523 447
781 655
472 889
255 598
720 47
646 315
373 519
246 319
137 217
449 95
218 276
683 194
140 832
709 846
891 39
798 529
86 263
274 501
773 99
647 820
635 58
735 15
322 536
367 321
829 71
580 979
598 396
526 473
412 521
680 777
184 728
403 822
776 316
61 302
863 385
861 839
153 824
308 350
233 490
433 24
608 746
774 721
97 107
560 589
945 133
841 116
992 248
576 487
186 146
495 140
844 469
387 921
301 195
49 170
693 705
346 476
185 418
951 137
279 780
263 139
909 661
181 270
328 974
7 134
963 212
929 324
370 275
99 538
9 486
484 64
384 846
294 449
756 692
726 452
29 108
469 360
307 630
659 269
733 644
826 294
575 161
318 90
308 84
592 951
241 95
159 719
995 306
247 65
655 238
325 759
142 983
270 136
934 403
845 300
462 836
360 906
144 727
52 960
255 731
425 102
432 395
867 999
260 245
281 456
857 215
915 307
882 642
136 394
411 16
782 1
160 272
549 794
790 540
267 813
80 551
156 836
951 523
627 795
576 775
873 73
657 327
191 834
838 355
244 812
157 947
272 119
199 580
862 412
900 633
830 766
193 747
314 769
666 474
727 759
784 97
824 974
58 266
686 136
233 224
473 548
642 242
516 719
349 650
885 488
483 872
689 53
824 812
197 982
36 468
719 881
153 336
237 904
984 838
453 859
950 47
686 696
976 950
836 66
215 7
163 952
147 287
441 899
629 533
318 276
870 289
564 596
181 4
864 906
702 510
373 238
986 405
664 401
350 532
302 859
820 796
7 686
527 407
658 290
180 226
454 897
293 269
421 216
955 880
117 585
298 149
562 966
193 105
545 252
588 54
38 83
645 73
993 433
238 634
739 51
908 572
18 822
964 403
866 146
795 146
390 842
529 450
508 943
455 668
316 38
726 761
286 666
343 991
1 538
701 949
95 474
634 392
926 842
528 277
468 328
805 887
165 744
230 454
712 577
250 512
583 454
415 80
291 94
864 268
775 752
957 525
63 674
852 293
694 448
382 108
457 827
667 920
483 823
817 11
709 13
793 193
595 234
779 467
836 128
230 179
472 864
42 909
828 636
63 785
820 700
759 256
811 979
741 414
232 162
12 544
414 212
16 675
518 222
977 120
850 774
483 499
467 982
985 533
34 987
879 113
829 924
480 943
445 915
798 905
323 299
220 929
424 626
272 268
599 342
713 864
806 263
797 192
75 408
313 483
497 334
232 571
47 790
40 9
982 439
434 377
400 425
697 325
535 573
517 82
921 889
285 965
649 170
706 397
324 235
194 345
621 30
933 226
551 311
809 940
813 844
833 54
482 220
959 594
571 870
512 626
616 561
670 786
832 249
665 863
11 572
36 985
143 807
681 388
130 386
168 209
542 617
729 400
639 189
550 678
439 61
188 867
687 267
679 919
281 48
961 726
33 919
814 823
111 714
704 368
499 108
413 932
710 698
413 870
817 128
250 873
632 129
617 979
615 328
585 269
823 799
55 689
612 722
594 453
152 80
315 556
114 357
485 244
416 453
824 450
241 336
973 31
186 307
924 613
360 98
146 218
364 538
608 472
111 255
316 725
356 246
950 672
26 814
579 214
502 827
776 37
233 534
200 681
202 135
185 347
756 998
227 240
464 750
854 63
213 429
394 713
390 51
739 877
80 286
942 978
9 790
156 67
855 579
880 309
717 606
956 762
334 770
26 627
392 617
587 446
959 635
255 260
791 808
868 429
430 384
342 604
218 678
186 543
830 993
84 3
911 608
970 236
952 623
628 960
221 438
793 557
403 825
279 218
847 979
861 838
734 236
75 593
546 830
916 814
366 719
292 214
884 776
352 425
606 985
191 823
415 40
900 932
945 21
395 52
452 35
470 892
387 920
651 327
915 993
391 64
981 256
213 91
713 130
977 277
940 927
279 783
361 248
401 849
953 333
441 33
86 757
603 413
879 56
232 919
730 776
863 596
183 825
25 764
636 434
138 805
387 57
803 557
787 432
221 820
204 38
396 994
623 293
80 363
279 266
16 493
566 591
496 251
539 497
406 712
602 403
929 737
551 366
213 474
701 871
377 313
107 3
986 613
661 907
520 17
739 103
558 553
16 304
416 762
473 105
312 571
131 1
44 742
120 644
374 265
212 92
361 638
782 800
291 839
311 967
166 517
630 126
780 257
966 92
473 665
519 996
80 981
701 882
22 13
745 546
519 563
713 92
822 686
435 706
662 7
666 74
315 424
524 28
301 149
840 345
324 202
384 239
37 747
793 69
271 959
840 168
327 810
970 599
756 68
391 821
358 296
257 305
528 487
125 132
309 461
384 394
505 650
850 803
923 917
270 875
493 241
39 165
651 815
47 686
358 997
713 762
271 54
328 600
403 102
556 864
703 19
33 229
162 726
878 15
94 542
705 683
526 939
359 942
569 132
665 921
463 636
717 830
489 773
714 292
5 297
939 268
531 177
715 188
214 649
716 211
134 854
901 780
628 794
774 522
886 214
601 144
913 34
947 777
519 810
390 986
211 203
514 422
194 716
199 666
97 176
773 583
706 618
266 687
763 977
54 518
282 405
514 857
838 134
680 224
421 974
44 383
710 972
513 384
736 311
775 768
449 890
193 784
345 825
417 388
970 760
657 433
462 436
727 504
862 949
258 607
940 103
916 990
413 225
112 942
314 358
850 884
346 183
590 82
258 865
376 642
14 452
108 925
422 339
815 728
67 128
643 971
244 364
685 616
607 849
565 50
983 263
422 61
795 565
356 305
144 641
414 657
237 498
60 557
544 354
377 663
748 898
431 438
571 923
678 989
365 334
916 546
597 227
155 432
394 512
674 620
161 519
127 340
426 427
769 832
153 663
351 796
155 33
265 545
754 961
921 666
80 736
445 312
283 389
505 88
143 945
574 463
173 462
192 964
22 834
689 944
577 25
126 321
272 176
476 176
804 46
119 508
508 513
624 346
897 732
457 837
97 446
153 124
386 458
439 304
435 939
793 61
958 705
474 290
515 456
257 456
59 836
78 160
119 588
998 337
7 870
451 46
604 248
452 381
897 152
718 112
557 206
650 496
561 779
779 220
765 43
214 275
306 998
849 16
547 821
650 67
102 580
964 359
575 143
243 430
206 550
194 246
731 389
674 90
797 50
393 212
822 980
808 757
865 996
581 429
185 346
574 988
18 202
860 837
486 803
757 687
226 809
230 865
412 502
852 78
806 2
735 248
62 274
843 11
929 85
402 335
79 757
874 144
853 478
636 962
17 44
34 819
610 229
353 372
597 985
49 659
415 356
791 9
773 526
728 23
66 642
418 571
616 716
383 278
654 394
760 279
706 965
176 888
770 38
900 933
10 499
887 823
710 788
90 645
344 685
149 12
153 457
7 482
120 148
525 353
214 738
175 856
894 64
966 573
474 663
457 579
519 327
561 85
729 943
626 565
73 691
590 1000
370 375
775 110
581 811
569 691
219 102
419 616
307 342
959 354
546 197
485 279
587 819
638 304
54 340
114 195
846 816
370 89
43 197
607 528
851 730
750 377
765 416
603 13
161 18
808 947
608 485
313 207
721 186
243 394
158 417
380 241
564 631
950 653
610 722
683 2
151 552
190 993
941 855
55 23
388 460
623 506
881 239
526 153
344 47
400 257
572 495
130 694
744 560
763 380
641 802
605 529
435 349
329 270
297 296
247 161
976 331
501 8
891 656
908 349
795 897
605 386
832 693
577 353
962 892
357 713
448 827
446 794
819 476
828 22
631 579
218 473
656 143
952 896
600 348
230 427
107 316
625 703
992 134
719 93
118 604
995 35
606 673
898 358
901 837
163 752
301 805
894 124
474 363
52 891
93 643
585 202
671 252
105 77
124 767
710 530
480 287
404 784
318 651
841 594
873 193
102 701
489 712
487 877
453 813
601 836
413 431
579 618
915 149
113 805
755 338
630 834
6 326
924 989
925 52
582 917
695 686
844 164
648 903
612 88
5 118
817 740
394 575
126 908
814 706
810 103
773 113
464 695
563 421
263 851
344 493
420 898
886 821
286 123
468 918
164 399
644 113
921 780
204 952
188 277
316 194
407 245
658 85
952 970
183 530
682 351
810 296
905 500
946 216
841 502
504 959
653 991
875 211
657 36
931 709
108 194
536 343
24 935
593 842
247 649
452 823
612 706
850 414
725 911
853 601
954 384
438 785
519 600
921 249
906 623
323 691
132 591
719 49
225 309
337 275
265 941
893 894
175 675
270 889
676 964
510 310
443 363
245 555
812 196
124 684
360 121
500 605
686 388
194 606
152 490
3 784
833 829
315 514
51 872
267 871
835 111
574 628
39 871
730 862
68 857
518 111
243 469
25 522
940 209
752 649
54 399
259 565
649 381
502 733
378 487
587 729
270 215
347 281
428 871
195 628
605 917
346 744
899 626
811 302
826 673
520 460
375 276
930 255
308 723
414 916
832 477
688 785
653 737
804 659
418 459
863 240
539 198
762 5
609 932
396 157
532 849
314 626
978 557
687 55
637 872
193 439
675 535
412 599
110 984
127 26
218 994
700 418
97 211
741 794
396 451
762 292
770 208
296 650
165 650
576 111
923 498
338 174
927 282
269 732
755 515
59 8
596 89
690 78
27 598
410 338
374 899
489 187
913 585
269 650
385 16
314 950
746 981
818 454
324 3
236 823
55 493
297 845
55 258
470 432
703 662
775 5
618 608
964 66
710 602
371 838
872 289
465 743
142 557
551 947
533 420
937 875
565 883
427 214
599 20
270 256
220 903
726 153
173 988
132 957
246 268
968 720
75 390
132 71
740 444
743 847
264 118
504 700
503 310
583 951
531 232
737 515
972 366
460 602
118 26
264 309
655 331
696 280
131 39
919 198
649 934
542 521
891 759
727 131
178 118
71 257
787 560
40 107
793 111
829 181
170 978
799 525
857 692
843 505
311 167
884 667
61 412
799 402
100 961
58 642
511 300
719 203
442 293
887 897
18 115
262 395
8 253
487 644
288 966
92 84
440 941
918 838
975 403
546 426
799 65
729 829
362 830
516 869
336 669
387 811
105 80
358 258
834 551
667 345
837 688
219 121
203 604
2 513
591 449
205 6
78 300
119 448
362 611
733 528
941 547
780 743
802 427
472 570
90 105
860 405
550 875
935 69
169 638
665 609
649 292
632 492
929 20
858 114
694 788
769 707
185 260
796 316
691 526
288 11
17 707
402 127
631 248
617 410
636 146
765 626
513 631
312 880
260 240
43 640
743 883
999 709
216 204
126 883
491 306
535 615
432 890
539 352
960 731
554 134
155 123
255 314
311 628
829 503
577 70
64 191
452 574
382 955
678 196
256 917
196 571
804 314
455 586
295 945
386 79
633 968
212 205
657 456
676 380
164 40
809 277
491 129
696 609
451 540
13 317
879 964
846 134
206 278
888 361
314 287
1000 919
505 671
324 165
453 327
439 148
671 985
396 745
234 461
497 680
149 47
943 661
582 447
286 136
127 534
439 954
372 335
900 786
984 841
400 304
591 308
306 907
206 978
870 403
394 248
470 839
419 519
497 795
319 38
696 711
159 585
863 549
349 843
280 366
264 851
372 668
411 516
820 872
432 537
622 308
215 870
622 375
910 665
342 111
881 479
768 481
735 285
222 352
756 984
484 699
639 753
397 348
308 329
352 277
999 211
309 867
716 741
388 819
553 303
458 173
32 578
527 807
832 353
959 648
89 376
298 922
164 71
946 168
783 623
424 130
226 530
19 835
59 382
650 823
282 403
528 423
858 946
838 132
987 730
262 314
239 633
367 969
44 377
33 904
505 699
435 800
789 410
202 765
885 344
159 233
989 266
3 629
186 56
647 213
889 639
543 4
72 581
418 151
738 876
225 647
869 214
392 550
64 771
798 210
671 352
103 610
868 212
718 446
179 290
484 27
273 630
807 241
220 525
223 510
918 727
466 653
929 99
613 947
524 83
986 231
256 610
381 832
645 25
313 480
9 481
82 129
28 13
85 76
658 404
696 31
550 142
308 301
851 936
184 371
443 526
27 207
304 840
411 44
319 623
912 535
860 897
493 680
244 722
227 260
601 23
895 861
365 622
1000 371
511 768
951 588
703 257
404 753
524 738
396 109
504 597
917 573
996 986
960 80
779 564
140 106
54 736
515 14
831 1000
652 141
466 120
453 426
316 738
514 170
606 860
183 53
666 17
461 691
563 651
103 194
399 717
898 188
662 205
557 857
701 553
561 478
414 394
343 288
163 134
292 994
629 775
885 429
228 992
858 603
305 361
625 928
178 950
284 545
357 85
15 547
156 126
347 67
993 565
850 854
65 694
985 965
512 499
395 661
487 807
163 629
919 974
828 865
560 463
65 551
542 51
212 818
621 554
695 499
807 149
419 684
850 632
623 157
766 678
410 161
137 76
29 166
169 803
189 288
173 987
483 95
907 929
948 51
769 896
838 305
511 908
853 250
817 956
389 638
255 688
442 895
957 172
519 453
99 156
268 663
269 170
515 686
878 662
350 47
423 673
83 752
304 707
913 95
543 451
224 725
653 917
325 228
472 296
71 256
184 732
652 339
357 723
853 318
526 332
303 733
568 578
277 498
560 754
524 789
50 140
844 998
206 315
451 432
508 551
568 928
54 895
704 288
465 284
619 447
675 955
310 775
46 642
966 563
37 837
186 1
722 79
775 987
825 880
162 502
642 780
238 341
223 643
522 374
82 321
889 567
67 431
627 103
789 956
81 127
764 788
195 499
162 216
55 519
895 896
836 264
752 835
513 827
716 742
20 349
331 632
740 236
246 637
1000 113
412 135
638 519
199 329
916 279
578 370
389 241
877 966
679 208
717 797
668 359
981 984
963 677
621 449
434 429
518 737
688 764
339 536
808 497
716 170
442 787
403 523
189 38
14 435
930 776
493 624
499 975
45 551
651 877
36 830
607 161
94 12
95 349
541 595
924 349
692 929
78 472
231 85
849 982
4 419
980 100
912 140
127 989
746 760
244 863
138 981
836 635
12 101
620 209
757 487
760 309
979 21
248 9
780 98
184 816
752 719
306 409
895 425
993 177
73 18
687 445
896 478
14 777
245 597
817 124
396 633
769 34
901 980
719 893
443 446
245 966
914 6
824 671
682 709
738 841
225 634
602 778
342 275
258 920
172 822
45 448
981 553
266 270
75 646
976 103
982 205
711 513
127 535
463 712
707 358
156 224
782 340
401 271
493 929
598 12
144 567
757 613
190 786
490 877
104 495
32 14
308 761
543 916
718 995
577 534
350 487
949 894
83 680
213 821
326 124
279 174
1000 967
678 368
737 788
365 683
518 777
408 520
192 239
410 90
123 921
71 601
952 665
511 278
98 729
425 639
689 794
282 400
980 239
128 812
675 347
876 328
603 662
511 487
944 680
488 628
659 943
568 856
111 690
242 575
780 149
709 167
234 171
239 135
788 760
291 416
935 635
383 526
556 364
576 338
244 448
542 939
593 713
243 8
278 537
63 797
257 274
405 327
854 619
256 214
39 245
764 860
780 729
394 364
592 853
795 744
977 141
263 514
485 446
603 119
494 324
315 851
467 824
484 890
475 617
422 48
189 283
616 121
172 719
800 864
319 648
431 450
522 688
255 526
136 104
75 109
114 717
903 949
193 250
691 359
549 845
971 55
754 445
645 314
562 712
765 70
155 294
312 519
352 564
494 883
155 211
174 877
583 243
662 646
149 561
917 572
775 562
978 698
80 769
46 26
650 740
948 690
550 730
662 992
645 766
770 985
84 824
858 919
606 861
148 477
224 75
645 783
885 138
23 943
28 775
103 253
909 906
90 684
707 567
745 392
84 542
693 744
253 161
609 457
370 511
617 838
907 6
16 997
200 130
770 274
276 95
314 150
775 7
485 111
957 448
720 472
242 916
24 31
189 891
850 855
465 243
711 794
986 311
313 71
869 90
318 464
485 321
494 241
5 170
372 725
947 561
485 466
345 327
626 208
916 380
460 144
479 244
439 713
263 759
18 182
91 916
934 360
117 924
282 707
134 377
484 749
503 131
136 616
643 710
40 529
259 305
995 251
687 657
339 639
302 625
564 76
359 576
269 344
952 166
408 900
481 722
557 945
942 577
212 358
342 508
137 462
472 11
182 842
345 264
991 716
481 323
868 425
619 997
933 19
992 689
463 196
193 480
601 483
706 940
472 297
273 328
37 191
781 48
823 405
314 647
268 215
49 370
326 870
864 345
875 955
468 499
310 490
426 767
334 412
945 9
289 557
698 835
991 886
97 99
376 769
471 242
128 796
755 831
561 74
837 301
788 329
871 59
560 142
523 18
279 888
284 503
730 754
747 560
774 161
902 106
962 385
88 410
546 192
855 78
548 566
169 974
125 990
915 890
193 231
941 821
333 305
6 345
635 913
284 347
322 2
752 723
324 948
40 751
848 70
223 326
967 472
333 642
686 894
156 157
913 510
308 448
807 926
428 809
892 262
803 783
791 618
354 245
856 367
216 206
278 394
207 528
173 736
213 175
235 811
142 124
458 105
832 182
779 913
302 222
784 809
507 684
240 801
705 297
329 109
596 53
482 597
728 869
784 983
602 834
3 381
10 515
373 955
158 667
819 767
968 259
415 8
646 636
760 165
957 597
813 118
941 65
214 525
380 765
632 78
192 775
626 596
77 140
538 806
650 292
7 225
101 6
452 432
552 542
458 821
313 14
719 658
298 858
336 409
711 738
203 971
336 40
483 299
285 225
750 495
199 415
695 570
755 343
88 552
998 185
833 402
66 99
489 888
333 567
856 732
565 252
57 973
556 529
327 939
679 469
829 424
134 842
249 294
467 347
964 909
861 631
843 212
293 251
893 368
732 708
804 713
430 405
259 847
406 421
338 423
766 575
178 60
130 287
218 781
718 642
79 972
637 818
598 568
377 164
309 855
336 475
795 292
852 435
600 140
653 190
137 815
410 381
96 106
209 70
152 635
559 677
693 659
451 280
842 427
686 280
881 561
983 878
883 170
441 131
149 178
707 888
390 68
105 46
987 152
842 653
572 630
955 358
542 842
104 850
910 942
698 386
806 719
114 183
21 345
906 49
638 866
159 559
401 575
863 539
590 193
740 214
647 266
355 816
618 758
674 164
305 512
696 852
589 182
254 762
807 64
556 832
578 264
561 606
692 256
252 271
968 552
644 419
437 683
95 835
167 374
561 687
495 828
636 716
333 376
659 38
398 62
181 694
256 531
829 746
37 276
523 631
599 448
235 725
435 55
151 819
956 834
244 732
134 822
198 702
331 292
320 19
467 228
654 184
827 580
222 158
390 954
598 469
185 449
532 963
202 426
790 315
3 151
421 652
371 497
120 815
282 66
600 249
595 288
412 961
107 475
35 262
519 552
338 173
266 990
268 128
306 463
561 558
534 175
704 198
888 419
119 949
999 433
54 768
797 936
907 168
893 799
966 725
219 880
182 100
557 40
172 74
637 282
214 565
50 554
200 131
550 871
419 483
537 671
392 629
375 994
909 764
732 417
466 74
907 487
125 840
896 84
366 82
333 443
636 308
637 237
696 641
462 592
446 117
564 440
216 550
201 143
604 905
833 321
705 742
902 824
542 467
428 695
200 686
596 888
152 529
194 413
782 269
930 512
808 648
887 56
182 984
222 457
60 444
298 505
890 383
528 918
697 337
160 266
183 550
518 549
888 916
260 829
833 21
364 188
123 757
160 377
278 201
834 505
503 710
605 442
472 298
914 321
24 883
739 300
903 719
795 462
780 878
799 526
272 1
847 274
339 43
606 943
535 113
954 227
506 10
616 863
176 892
163 70
455 790
386 315
315 387
98 625
504 456
784 138
310 64
828 707
789 205
594 128
885 399
499 252
7 111
854 950
30 148
111 971
767 165
375 966
305 484
90 850
842 709
257 345
920 7
958 963
635 690
872 256
335 640
966 866
664 12
973 62
522 635
189 527
299 83
953 50
563 365
426 82
194 214
108 624
740 713
769 704
882 410
55 807
422 494
407 414
529 731
493 657
126 711
566 465
220 789
313 429
460 260
265 306
421 191
632 828
209 669
230 769
563 363
855 723
403 634
778 850
563 152
982 722
861 899
828 204
904 772
192 22
579 642
361 609
947 230
948 597
507 687
607 70
151 462
196 693
16 467
453 34
979 618
633 958
317 531
946 203
603 786
832 340
13 314
179 558
571 496
847 103
245 305
616 955
202 708
465 382
616 970
89 846
419 349
258 709
645 983
79 303
103 405
106 395
713 161
93 671
397 220
741 275
542 988
954 44
519 52
958 620
817 348
570 124
684 4
650 436
427 117
730 838
976 202
564 449
91 817
864 639
709 643
409 524
618 546
270 255
899 259
860 747
114 453
433 136
835 319
375 494
32 432
472 823
125 707
649 866
807 957
41 294
459 19
976 391
260 64
762 664
891 116
564 150
692 67
391 627
400 345
332 370
958 394
989 809
248 340
182 896
933 200
985 153
808 382
239 966
938 737
633 655
778 886
446 984
822 835
948 442
967 366
143 600
446 124
244 927
995 865
500 257
173 485
121 76
374 366
92 731
530 627
331 537
297 409
444 344
482 903
503 831
839 961
435 519
420 465
205 933
352 498
136 1000
381 537
268 157
788 932
240 556
684 533
386 368
816 485
488 279
926 622
681 733
991 824
461 797
906 762
928 926
888 329
701 627
408 198
409 819
874 89
897 6
182 8
349 537
595 999
225 555
734 674
444 883
284 984
926 411
983 222
768 789
586 548
432 108
115 452
298 684
742 163
712 146
253 366
959 422
836 307
285 83
806 607
219 467
94 733
350 619
811 247
651 846
1000 75
146 413
755 419
854 21
804 810
949 271
200 770
728 452
377 666
549 762
397 381
736 991
632 733
84 279
217 242
18 901
208 539
585 703
782 963
606 263
992 663
187 631
875 290
490 716
491 29
187 740
188 27
939 821
743 491
726 543
175 271
378 889
841 359
719 322
150 91
942 487
600 250
754 895
171 953
805 361
502 977
961 575
637 582
675 377
896 634
185 741
573 394
865 696
25 396
390 372
83 130
179 494
319 684
974 854
595 31
615 96
301 216
63 930
138 503
60 443
446 663
986 919
181 164
698 126
812 10
116 911
725 807
228 193
945 687
217 624
369 285
65 548
526 731
927 632
894 741
91 708
481 788
43 109
599 16
772 718
864 551
756 637
262 664
967 861
772 302
846 618
246 310
502 940
599 374
433 875
237 465
847 808
403 643
5 475
298 343
338 808
709 823
213 24
71 78
273 915
716 129
683 840
867 55
189 31
597 130
965 420
874 793
766 779
369 955
868 427
523 880
70 925
240 936
299 147
481 434
212 70
218 851
115 693
244 983
119 808
781 46
184 846
386 22
804 480
842 191
383 285
900 531
120 955
637 618
902 150
124 899
262 888
440 962
265 74
24 641
991 995
448 609
802 624
994 862
442 3
760 250
888 47
797 907
193 979
547 188
471 140
628 49
298 578
261 606
232 450
234 368
356 87
831 615
426 430
323 58
696 576
306 820
755 95
402 718
405 960
890 824
431 576
954 875
890 877
212 849
233 730
555 165
869 461
636 456
711 542
899 656
826 400
648 912
833 436
961 383
65 802
860 444
378 283
949 470
626 69
39 370
703 219
192 683
826 754
22 675
114 640
298 331
818 514
433 736
967 103
143 673
2 297
973 722
801 417
494 139
277 704
482 158
875 349
801 530
235 954
532 678
61 218
268 404
144 138
843 264
244 811
191 984
218 934
75 627
746 740
704 144
886 219
110 758
457 768
227 874
249 678
12 326
269 625
901 832
558 457
444 761
391 930
853 787
582 435
984 990
141 695
918 977
851 302
67 511
844 820
489 401
254 915
536 278
239 37
258 996
225 639
911 441
459 470
591 417
227 160
946 988
926 94
87 198
345 483
626 820
552 943
20 141
739 751
884 460
632 413
337 775
341 855
385 649
218 181
388 143
796 284
247 34
786 870
807 956
386 632
459 18
846 674
26 659
857 139
19 282
593 641
498 583
246 489
527 178
971 12
592 327
888 862
152 872
652 673
174 741
530 5
307 388
532 715
263 55
19 504
972 434
482 162
84 210
912 461
696 468
628 919
974 703
64 14
946 164
876 165
1 531
810 567
756 879
943 881
321 514
857 752
623 985
61 448
546 864
20 527
262 452
390 649
600 317
750 883
197 145
111 703
901 787
888 504
172 465
992 62
818 479
236 968
862 556
78 40
6 840
906 842
763 953
400 603
828 635
710 759
580 244
29 666
175 908
489 397
107 970
147 467
371 881
690 967
311 953
966 792
203 536
557 373
959 417
82 663
66 304
949 251
473 306
399 222
493 207
259 939
646 53
127 558
720 172
9 1
651 734
359 891
512 184
824 250
754 71
664 355
269 416
203 164
994 681
303 129
397 380
329 542
455 458
312 812
131 272
98 197
60 312
133 322
299 614
672 28
820 396
843 101
57 600
156 788
490 698
734 473
274 683
904 846
579 716
467 230
378 791
737 708
83 310
607 267
222 815
886 470
210 847
282 64
675 747
69 152
775 149
93 288
277 331
253 740
728 863
582 78
805 997
185 740
37 587
352 115
993 616
634 649
852 320
871 100
965 239
859 612
567 175
434 617
341 545
935 907
436 578
898 299
148 318
405 201
278 585
793 491
564 838
30 190
345 648
856 816
591 379
423 469
885 602
688 848
197 568
665 366
560 116
114 819
428 508
746 259
966 772
237 908
402 739
206 693
350 693
134 170
122 700
194 833
394 271
488 446
772 568
39 107
497 176
25 745
337 847
674 198
398 510
717 228
657 633
693 75
363 600
882 948
602 23
964 658
749 164
553 585
113 194
424 371
177 948
543 862
863 61
611 428
369 809
957 168
705 951
835 532
17 405
435 130
184 386
704 942
709 616
808 311
443 780
300 659
643 135
258 187
222 888
504 893
467 115
788 895
757 166
442 447
255 973
120 845
373 357
653 115
982 769
605 346
41 987
278 920
82 249
980 290
583 391
296 679
561 365
391 40
249 649
548 125
490 229
884 53
113 903
266 210
158 860
654 833
659 857
91 363
533 880
241 698
771 551
385 224
258 622
897 713
855 357
897 77
186 508
812 88
531 512
183 473
869 234
298 252
94 779
424 787
385 563
211 769
893 357
548 640
807 181
96 719
454 254
673 177
111 393
192 573
105 544
778 217
530 380
159 916
298 328
769 785
972 312
189 34
230 918
89 502
537 842
248 593
778 848
529 478
469 387
550 436
370 924
978 607
887 685
504 810
675 581
821 719
298 360
774 907
165 210
337 360
672 657
308 805
809 280
802 691
782 581
438 783
865 17
168 319
331 861
940 709
262 258
955 565
642 91
491 915
862 678
611 610
171 529
136 812
980 437
547 202
125 458
676 942
288 999
607 758
244 488
851 348
818 395
641 386
222 459
383 999
211 590
61 983
503 459
348 461
505 920
263 372
447 491
566 119
147 295
989 628
95 549
591 416
446 209
727 160
379 286
417 61
509 687
322 485
206 753
530 559
555 128
77 892
596 988
472 906
471 580
425 372
333 675
905 34
247 61
51 462
325 723
933 916
393 741
773 874
550 94
470 375
421 81
773 908
833 23
999 740
277 894
278 405
406 350
360 652
490 583
516 49
535 759
331 317
313 794
541 386
504 983
601 431
257 278
141 52
804 688
821 690
625 273
22 793
481 505
732 630
951 660
170 615
45 633
541 676
838 110
849 247
500 33
451 511
506 969
880 911
185 719
150 159
768 602
534 113
374 288
934 392
139 27
802 953
395 117
1 222
20 878
347 235
629 814
137 526
279 735
413 841
675 10
487 600
570 316
974 26
564 786
768 791
253 507
863 870
93 530
812 32
924 746
431 906
983 73
587 864
717 413
884 434
99 602
800 535
